{
    "accuracy": 0.947678221059516,
    "precision": 0.8476190476190476,
    "recall": 1.0,
    "auc": 0.9954361706538415
}